1000000000	-0.275603	0.885920
1002002002	-0.246836	0.895669
1004004004	-0.218782	0.902286
1006006006	-0.192074	0.910521
1008008008	-0.163517	0.915916
1010010010	-0.135911	0.920496
1012012012	-0.108143	0.925689
1014014014	-0.080365	0.928957
1016016016	-0.051820	0.931916
1018018018	-0.024319	0.930591
1020020020	0.003035	0.932702
1022022022	0.032659	0.932948
1024024024	0.059979	0.932148
1026026026	0.087303	0.929273
1028028028	0.113462	0.926296
1030030030	0.142117	0.923612
1032032032	0.169205	0.918954
1034034034	0.195781	0.914245
1036036036	0.223007	0.907062
1038038038	0.250433	0.900614
1040040040	0.275573	0.891920
1042042042	0.303201	0.884669
1044044044	0.328078	0.873994
1046046046	0.353509	0.863620
1048048048	0.379796	0.852751
1050050050	0.404921	0.841913
1052052052	0.429376	0.828378
1054054054	0.454847	0.815748
1056056056	0.479163	0.801974
1058058058	0.502536	0.787397
1060060060	0.525494	0.772083
1062062062	0.547578	0.756096
1064064064	0.570184	0.739934
1066066066	0.592605	0.722992
1068068068	0.612131	0.704992
1070070070	0.632811	0.685940
1072072072	0.651816	0.666203
1074074074	0.670388	0.646059
1076076076	0.689437	0.626428
1078078078	0.707670	0.604306
1080080080	0.726008	0.584398
1082082082	0.741903	0.561404
1084084084	0.758691	0.538087
1086086086	0.776503	0.516654
1088088088	0.791346	0.493254
1090090090	0.805723	0.469501
1092092092	0.818926	0.444985
1094094094	0.832364	0.418670
1096096096	0.844557	0.393495
1098098098	0.856984	0.367312
1100100100	0.864098	0.338490
1102102102	0.873454	0.311736
1104104104	0.882601	0.284300
1106106106	0.890750	0.258079
1108108108	0.898839	0.230236
1110110110	0.905371	0.202077
1112112112	0.910315	0.174343
1114114114	0.915007	0.144958
1116116116	0.920314	0.117642
1118118118	0.922399	0.089092
1120120120	0.923827	0.059477
1122122122	0.924128	0.030826
1124124124	0.924024	0.002081
1126126126	0.923377	-0.027313
1128128128	0.921579	-0.056946
1130130130	0.917516	-0.086436
1132132132	0.914135	-0.115620
1134134134	0.908411	-0.145516
1136136136	0.902095	-0.173832
1138138138	0.895558	-0.204224
1140140140	0.886964	-0.232446
1142142142	0.877355	-0.262923
1144144144	0.867806	-0.290508
1146146146	0.856809	-0.319632
1148148148	0.843170	-0.345731
1150150150	0.830925	-0.374008
1152152152	0.817069	-0.401864
1154154154	0.802320	-0.428634
1156156156	0.786330	-0.455381
1158158158	0.768874	-0.480179
1160160160	0.751832	-0.506981
1162162162	0.732319	-0.531865
1164164164	0.713239	-0.558308
1166166166	0.692426	-0.583135
1168168168	0.670930	-0.604888
1170170170	0.648352	-0.627215
1172172172	0.623600	-0.649199
1174174174	0.601414	-0.670490
1176176176	0.576392	-0.691507
1178178178	0.551373	-0.713032
1180180180	0.526112	-0.731645
1182182182	0.499360	-0.750129
1184184184	0.472918	-0.768855
1186186186	0.445433	-0.787094
1188188188	0.417629	-0.803688
1190190190	0.388251	-0.818774
1192192192	0.357672	-0.833928
1194194194	0.327520	-0.848334
1196196196	0.296484	-0.861002
1198198198	0.265110	-0.874479
1200200200	0.232523	-0.884927
1202202202	0.200558	-0.894913
1204204204	0.167148	-0.903477
1206206206	0.135026	-0.911420
1208208208	0.102289	-0.916495
1210210210	0.068211	-0.921497
1212212212	0.034961	-0.925300
1214214214	-0.001229	-0.925136
1216216216	-0.036529	-0.926012
1218218218	-0.070175	-0.923504
1220220220	-0.106256	-0.923182
1222222222	-0.139736	-0.917069
1224224224	-0.174661	-0.912015
1226226226	-0.207503	-0.904674
1228228228	-0.242028	-0.895133
1230230230	-0.274539	-0.885084
1232232232	-0.306924	-0.873357
1234234234	-0.338945	-0.862180
1236236236	-0.371932	-0.847400
1238238238	-0.404875	-0.834293
1240240240	-0.435858	-0.819181
1242242242	-0.467148	-0.801852
1244244244	-0.496369	-0.782995
1246246246	-0.525590	-0.764235
1248248248	-0.553849	-0.742196
1250250250	-0.581322	-0.721092
1252252252	-0.607987	-0.698612
1254254254	-0.633974	-0.674231
1256256256	-0.658408	-0.649204
1258258258	-0.681244	-0.623324
1260260260	-0.703672	-0.595111
1262262262	-0.727976	-0.568643
1264264264	-0.748191	-0.540285
1266266266	-0.768943	-0.511767
1268268268	-0.787145	-0.479877
1270270270	-0.804843	-0.448869
1272272272	-0.821991	-0.418676
1274274274	-0.836385	-0.384620
1276276276	-0.848639	-0.351817
1278278278	-0.861608	-0.319586
1280280280	-0.871283	-0.286020
1282282282	-0.881563	-0.251449
1284284284	-0.888957	-0.218561
1286286286	-0.899277	-0.184098
1288288288	-0.905372	-0.149953
1290290290	-0.909888	-0.115818
1292292292	-0.913523	-0.081862
1294294294	-0.915628	-0.047855
1296296296	-0.918279	-0.014182
1298298298	-0.917404	0.018664
1300300300	-0.917543	0.051434
1302302302	-0.916526	0.084420
1304304304	-0.915503	0.116217
1306306306	-0.912371	0.147459
1308308308	-0.907825	0.179749
1310310310	-0.903387	0.213330
1312312312	-0.898001	0.244286
1314314314	-0.891328	0.276531
1316316316	-0.883893	0.306631
1318318318	-0.873833	0.337033
1320320320	-0.865353	0.365548
1322322322	-0.855021	0.394276
1324324324	-0.845112	0.422523
1326326326	-0.831486	0.452219
1328328328	-0.817809	0.479789
1330330330	-0.801217	0.502526
1332332332	-0.784394	0.525633
1334334334	-0.770151	0.556741
1336336336	-0.752776	0.579976
1338338338	-0.733191	0.603053
1340340340	-0.714420	0.625677
1342342342	-0.693910	0.647060
1344344344	-0.672337	0.663862
1346346346	-0.650902	0.684359
1348348348	-0.629564	0.698958
1350350350	-0.604954	0.718245
1352352352	-0.582351	0.735503
1354354354	-0.559445	0.752279
1356356356	-0.534558	0.763530
1358358358	-0.510273	0.777056
1360360360	-0.483305	0.793255
1362362362	-0.460478	0.807106
1364364364	-0.434892	0.818126
1366366366	-0.409170	0.827333
1368368368	-0.382539	0.838158
1370370370	-0.355167	0.847510
1372372372	-0.329107	0.856858
1374374374	-0.302060	0.864337
1376376376	-0.275875	0.876281
1378378378	-0.249083	0.882069
1380380380	-0.220465	0.886481
1382382382	-0.194520	0.896180
1384384384	-0.167144	0.900638
1386386386	-0.139935	0.905703
1388388388	-0.111685	0.914946
1390390390	-0.087242	0.912491
1392392392	-0.060081	0.916015
1394394394	-0.032653	0.920223
1396396396	-0.004042	0.920710
1398398398	0.023816	0.922219
1400400400	0.050119	0.923140
1402402402	0.078756	0.924870
1404404404	0.106102	0.922124
1406406406	0.131480	0.919665
1408408408	0.159753	0.920800
1410410410	0.187090	0.915578
1412412412	0.214521	0.913374
1414414414	0.239209	0.906241
1416416416	0.271482	0.909087
1418418418	0.298424	0.901204
1420420420	0.321701	0.891131
1422422422	0.345388	0.881413
1424424424	0.372323	0.873356
1426426426	0.394552	0.861305
1428428428	0.418326	0.849430
1430430430	0.439746	0.835443
1432432432	0.462914	0.822701
1434434434	0.485911	0.810926
1436436436	0.506507	0.796171
1438438438	0.529313	0.782060
1440440440	0.552194	0.768023
1442442442	0.569607	0.750849
1444444444	0.591404	0.734332
1446446446	0.610796	0.716918
1448448448	0.630274	0.699052
1450450450	0.648998	0.681891
1452452452	0.666822	0.664070
1454454454	0.684514	0.644614
1456456456	0.702150	0.625018
1458458458	0.718854	0.605649
1460460460	0.736197	0.585432
1462462462	0.750637	0.564952
1464464464	0.766819	0.543302
1466466466	0.780698	0.521806
1468468468	0.794371	0.500519
1470470470	0.808744	0.478629
1472472472	0.821924	0.454872
1474474474	0.834242	0.434723
1476476476	0.845603	0.411024
1478478478	0.857070	0.387083
1480480480	0.868757	0.363993
1482482482	0.878754	0.340420
1484484484	0.885665	0.314804
1486486486	0.894921	0.290154
1488488488	0.901399	0.265892
1490490490	0.909242	0.241004
1492492492	0.914464	0.215458
1494494494	0.919946	0.189706
1496496496	0.924932	0.163069
1498498498	0.928092	0.137316
1500500500	0.933302	0.110284
1502502502	0.934050	0.084590
1504504504	0.934195	0.058119
1506506506	0.934802	0.030330
1508508508	0.934210	0.004418
1510510510	0.933523	-0.022665
1512512512	0.931344	-0.050071
1514514514	0.927478	-0.076660
1516516516	0.924002	-0.104027
1518518518	0.919461	-0.131787
1520520520	0.914890	-0.158211
1522522522	0.907681	-0.187022
1524524524	0.901032	-0.213938
1526526526	0.892392	-0.240085
1528528528	0.883376	-0.267336
1530530530	0.874593	-0.294167
1532532532	0.863577	-0.320957
1534534534	0.852762	-0.347298
1536536536	0.841370	-0.374164
1538538538	0.827443	-0.399024
1540540540	0.813323	-0.424879
1542542542	0.797143	-0.449988
1544544544	0.782089	-0.474424
1546546546	0.764878	-0.499804
1548548548	0.748442	-0.523819
1550550550	0.730592	-0.548713
1552552552	0.710269	-0.570409
1554554554	0.690606	-0.594527
1556556556	0.668314	-0.616831
1558558558	0.647814	-0.637875
1560560560	0.625752	-0.657651
1562562562	0.601898	-0.678464
1564564564	0.576649	-0.698059
1566566566	0.551911	-0.717769
1568568568	0.525042	-0.738526
1570570570	0.498437	-0.753552
1572572572	0.472612	-0.773936
1574574574	0.443075	-0.786625
1576576576	0.414624	-0.803698
1578578578	0.384149	-0.815663
1580580580	0.354168	-0.828063
1582582582	0.321016	-0.839285
1584584584	0.289567	-0.851153
1586586586	0.257668	-0.862386
1588588588	0.225031	-0.869328
1590590590	0.191909	-0.877803
1592592592	0.157569	-0.885167
1594594594	0.123808	-0.889965
1596596596	0.089366	-0.895758
1598598598	0.055011	-0.897614
1600600600	0.020211	-0.898825
1602602602	-0.014278	-0.898705
1604604604	-0.049959	-0.897785
1606606606	-0.086536	-0.891339
1608608608	-0.123280	-0.888996
1610610610	-0.157207	-0.883022
1612612612	-0.192216	-0.878037
1614614614	-0.227857	-0.869298
1616616616	-0.262705	-0.860190
1618618618	-0.298591	-0.847982
1620620620	-0.332355	-0.836015
1622622622	-0.366877	-0.820238
1624624624	-0.401899	-0.806048
1626626626	-0.434593	-0.787227
1628628628	-0.466558	-0.766454
1630630630	-0.498379	-0.747019
1632632632	-0.531201	-0.722846
1634634634	-0.562618	-0.700559
1636636636	-0.591636	-0.675445
1638638638	-0.620370	-0.649636
1640640640	-0.647867	-0.621545
1642642642	-0.673441	-0.593698
1644644644	-0.697725	-0.563201
1646646646	-0.721570	-0.531131
1648648648	-0.744283	-0.498408
1650650650	-0.763415	-0.467298
1652652652	-0.784794	-0.431831
1654654654	-0.801904	-0.396770
1656656656	-0.822144	-0.361969
1658658658	-0.834281	-0.325244
1660660660	-0.850061	-0.288176
1662662662	-0.862360	-0.250943
1664664664	-0.873152	-0.212100
1666666666	-0.883521	-0.175744
1668668668	-0.889949	-0.136958
1670670670	-0.895415	-0.096033
1672672672	-0.901268	-0.056393
1674674674	-0.903305	-0.019688
1676676676	-0.903167	0.020787
1678678678	-0.902771	0.058607
1680680680	-0.899295	0.097886
1682682682	-0.893778	0.132701
1684684684	-0.888825	0.171161
1686686686	-0.882273	0.207103
1688688688	-0.872196	0.245504
1690690690	-0.864900	0.287668
1692692692	-0.852904	0.320062
1694694694	-0.838195	0.355629
1696696696	-0.823172	0.390128
1698698698	-0.809218	0.423544
1700700700	-0.794074	0.454363
1702702702	-0.774178	0.484880
1704704704	-0.756565	0.517859
1706706706	-0.734704	0.546739
1708708708	-0.712734	0.570643
1710710710	-0.689284	0.600944
1712712712	-0.666838	0.627396
1714714714	-0.642708	0.654986
1716716716	-0.618866	0.677330
1718718718	-0.589394	0.704796
1720720720	-0.562990	0.728003
1722722722	-0.534127	0.747323
1724724724	-0.507426	0.768159
1726726726	-0.479017	0.785862
1728728728	-0.449987	0.807077
1730730730	-0.420336	0.821799
1732732732	-0.390673	0.837502
1734734734	-0.360456	0.851416
1736736736	-0.330692	0.864433
1738738738	-0.298785	0.877066
1740740740	-0.267550	0.885715
1742742742	-0.237663	0.895791
1744744744	-0.207319	0.905165
1746746746	-0.176569	0.909934
1748748748	-0.145846	0.916833
1750750750	-0.111653	0.923961
1752752752	-0.080795	0.926569
1754754754	-0.051226	0.927704
1756756756	-0.020372	0.928426
1758758758	0.011116	0.930150
1760760760	0.042514	0.927749
1762762762	0.071204	0.925924
1764764764	0.101685	0.923724
1766766766	0.131310	0.917308
1768768768	0.162353	0.914121
1770770770	0.193367	0.908719
1772772772	0.221697	0.898714
1774774774	0.251756	0.894740
1776776776	0.279176	0.885856
1778778778	0.308598	0.875592
1780780780	0.333962	0.863967
1782782782	0.362153	0.853097
1784784784	0.389425	0.841383
1786786786	0.416709	0.830907
1788788788	0.441416	0.818030
1790790790	0.467237	0.802917
1792792792	0.492242	0.788236
1794794794	0.517188	0.772453
1796796796	0.543020	0.758488
1798798798	0.561811	0.740930
1800800800	0.583653	0.724525
1802802802	0.605651	0.706016
1804804804	0.628129	0.689663
1806806806	0.648797	0.668534
1808808808	0.666246	0.651386
1810810810	0.684973	0.628872
1812812812	0.705372	0.603686
1814814814	0.720352	0.580255
1816816816	0.735969	0.556687
1818818818	0.754554	0.534877
1820820820	0.768989	0.511882
1822822822	0.781969	0.488382
1824824824	0.796196	0.464846
1826826826	0.807276	0.439697
1828828828	0.822121	0.416950
1830830830	0.830763	0.390230
1832832832	0.840043	0.366794
1834834834	0.850853	0.342773
1836836836	0.863288	0.315908
1838838838	0.867467	0.292393
1840840840	0.874444	0.265562
1842842842	0.881188	0.239478
1844844844	0.889502	0.214778
1846846846	0.894223	0.186087
1848848848	0.897877	0.161028
1850850850	0.899596	0.134366
1852852852	0.904920	0.107049
1854854854	0.906303	0.081077
1856856856	0.907523	0.054901
1858858858	0.910396	0.025162
1860860860	0.906813	-0.000728
1862862862	0.907246	-0.030246
1864864864	0.902706	-0.054587
1866866866	0.901052	-0.085315
1868868868	0.897026	-0.112564
1870870870	0.892261	-0.139746
1872872872	0.886427	-0.166290
1874874874	0.879892	-0.195157
1876876876	0.870712	-0.222078
1878878878	0.862551	-0.249697
1880880880	0.853046	-0.277522
1882882882	0.843693	-0.305619
1884884884	0.831194	-0.332653
1886886886	0.818830	-0.357770
1888888888	0.805852	-0.383496
1890890890	0.791793	-0.411431
1892892892	0.777290	-0.434450
1894894894	0.760710	-0.460414
1896896896	0.743806	-0.485278
1898898898	0.725274	-0.509598
1900900900	0.706684	-0.531178
1902902902	0.686085	-0.554817
1904904904	0.665286	-0.576824
1906906906	0.643146	-0.600254
1908908908	0.619985	-0.620813
1910910910	0.596539	-0.641484
1912912912	0.572306	-0.660028
1914914914	0.546797	-0.679664
1916916916	0.520517	-0.696811
1918918918	0.493686	-0.713252
1920920920	0.465948	-0.727206
1922922922	0.437225	-0.742194
1924924924	0.407241	-0.755409
1926926926	0.377051	-0.768670
1928928928	0.345800	-0.778479
1930930930	0.313052	-0.790229
1932932932	0.279806	-0.797843
1934934934	0.246927	-0.804917
1936936936	0.210508	-0.810666
1938938938	0.174935	-0.815748
1940940940	0.143667	-0.819563
1942942942	0.105511	-0.820772
1944944944	0.070733	-0.820910
1946946946	0.034192	-0.817880
1948948948	-0.003187	-0.816435
1950950950	-0.040512	-0.810503
1952952952	-0.076670	-0.803743
1954954954	-0.113725	-0.795058
1956956956	-0.149891	-0.786107
1958958958	-0.186275	-0.775212
1960960960	-0.225973	-0.762695
1962962962	-0.260060	-0.751277
1964964964	-0.296545	-0.737351
1966966966	-0.331570	-0.720839
1968968968	-0.363512	-0.699577
1970970970	-0.397131	-0.682049
1972972972	-0.430622	-0.662188
1974974974	-0.463150	-0.640319
1976976976	-0.494772	-0.616545
1978978978	-0.527392	-0.592691
1980980980	-0.557309	-0.565090
1982982982	-0.584157	-0.538369
1984984984	-0.611814	-0.509932
1986986986	-0.638401	-0.480753
1988988988	-0.661490	-0.449336
1990990990	-0.686076	-0.418849
1992992992	-0.705726	-0.383370
1994994994	-0.724453	-0.347948
1996996996	-0.739758	-0.311823
1998998998	-0.753818	-0.274451
2001001001	-0.765775	-0.236931
2003003003	-0.778662	-0.199311
2005005005	-0.785155	-0.159316
2007007007	-0.792862	-0.118633
2009009009	-0.798311	-0.077951
2011011011	-0.801468	-0.038418
2013013013	-0.801022	0.003173
2015015015	-0.798926	0.042131
2017017017	-0.795774	0.082714
2019019019	-0.789047	0.123215
2021021021	-0.781787	0.162963
2023023023	-0.773804	0.202074
2025025025	-0.761903	0.241014
2027027027	-0.749818	0.276353
2029029029	-0.734940	0.312455
2031031031	-0.718932	0.349797
2033033033	-0.701001	0.384127
2035035035	-0.682573	0.417849
2037037037	-0.661667	0.451950
2039039039	-0.639529	0.483385
2041041041	-0.615604	0.513469
2043043043	-0.591465	0.542282
2045045045	-0.565065	0.570107
2047047047	-0.538232	0.597026
2049049049	-0.510691	0.621333
2051051051	-0.482504	0.645125
2053053053	-0.452930	0.667643
2055055055	-0.422683	0.687067
2057057057	-0.392459	0.703625
2059059059	-0.361318	0.721038
2061061061	-0.329721	0.737139
2063063063	-0.296521	0.750922
2065065065	-0.263692	0.765081
2067067067	-0.230752	0.776974
2069069069	-0.199184	0.787464
2071071071	-0.164894	0.796700
2073073073	-0.130996	0.805189
2075075075	-0.097674	0.811313
2077077077	-0.065295	0.814105
2079079079	-0.032897	0.819835
2081081081	-0.001549	0.822487
2083083083	0.030729	0.823886
2085085085	0.060342	0.825977
2087087087	0.092076	0.825555
2089089089	0.122068	0.819594
2091091091	0.152696	0.817615
2093093093	0.184092	0.815010
2095095095	0.211604	0.810913
2097097097	0.239662	0.805501
2099099099	0.266770	0.799623
2101101101	0.292408	0.793569
2103103103	0.318958	0.784832
2105105105	0.342863	0.777832
2107107107	0.367909	0.767785
2109109109	0.390888	0.757659
2111111111	0.414660	0.747087
2113113113	0.435308	0.735544
2115115115	0.456237	0.723156
2117117117	0.475836	0.709756
2119119119	0.495809	0.693567
2121121121	0.518625	0.679152
2123123123	0.537130	0.664882
2125125125	0.555565	0.646383
2127127127	0.572813	0.630453
2129129129	0.587320	0.612188
2131131131	0.604533	0.594339
2133133133	0.618177	0.574383
2135135135	0.632295	0.553805
2137137137	0.646043	0.532452
2139139139	0.658643	0.510301
2141141141	0.669815	0.488011
2143143143	0.682011	0.466506
2145145145	0.691339	0.444300
2147147147	0.701769	0.422206
2149149149	0.711687	0.397796
2151151151	0.722774	0.374407
2153153153	0.730429	0.351187
2155155155	0.740186	0.328885
2157157157	0.747046	0.303983
2159159159	0.752012	0.278473
2161161161	0.758643	0.255129
2163163163	0.763229	0.230029
2165165165	0.767646	0.204493
2167167167	0.768924	0.181482
2169169169	0.771363	0.158291
2171171171	0.773450	0.134515
2173173173	0.776393	0.112716
2175175175	0.778294	0.088890
2177177177	0.778839	0.066882
2179179179	0.780004	0.043937
2181181181	0.778791	0.021472
2183183183	0.779171	-0.000040
2185185185	0.777093	-0.022840
2187187187	0.775111	-0.046315
2189189189	0.771471	-0.069930
2191191191	0.766020	-0.092187
2193193193	0.761636	-0.114725
2195195195	0.755655	-0.136459
2197197197	0.748866	-0.158411
2199199199	0.739700	-0.178619
2201201201	0.736066	-0.179227
2203203203	0.726986	-0.198062
2205205205	0.716140	-0.222585
2207207207	0.704649	-0.240254
2209209209	0.693874	-0.258763
2211211211	0.680542	-0.275553
2213213213	0.668261	-0.291380
2215215215	0.654262	-0.308378
2217217217	0.641005	-0.324652
2219219219	0.625532	-0.341176
2221221221	0.610386	-0.355527
2223223223	0.595094	-0.369992
2225225225	0.577871	-0.385190
2227227227	0.561044	-0.398500
2229229229	0.544151	-0.409898
2231231231	0.526979	-0.422514
2233233233	0.507538	-0.434276
2235235235	0.489361	-0.445103
2237237237	0.469558	-0.455254
2239239239	0.449059	-0.463792
2241241241	0.428467	-0.473276
2243243243	0.406691	-0.480569
2245245245	0.385279	-0.487791
2247247247	0.367189	-0.496614
2249249249	0.344498	-0.500857
2251251251	0.320972	-0.505449
2253253253	0.296699	-0.509095
2255255255	0.271183	-0.510437
2257257257	0.246579	-0.510536
2259259259	0.219870	-0.511237
2261261261	0.192694	-0.507951
2263263263	0.167484	-0.503654
2265265265	0.142448	-0.498271
2267267267	0.117845	-0.494838
2269269269	0.094154	-0.488345
2271271271	0.070485	-0.482185
2273273273	0.045217	-0.474740
2275275275	0.022740	-0.466983
2277277277	0.000128	-0.458549
2279279279	-0.022373	-0.449036
2281281281	-0.042432	-0.440921
2283283283	-0.063573	-0.430508
2285285285	-0.083484	-0.419776
2287287287	-0.101172	-0.407079
2289289289	-0.116089	-0.393566
2291291291	-0.128238	-0.375198
2293293293	-0.143454	-0.359969
2295295295	-0.156425	-0.345379
2297297297	-0.169508	-0.329058
2299299299	-0.180801	-0.312942
2301301301	-0.191495	-0.297713
2303303303	-0.201348	-0.280691
2305305305	-0.209941	-0.261848
2307307307	-0.216458	-0.243155
2309309309	-0.221792	-0.224626
2311311311	-0.225799	-0.204837
2313313313	-0.228168	-0.184415
2315315315	-0.228979	-0.165211
2317317317	-0.229375	-0.144285
2319319319	-0.227079	-0.124131
2321321321	-0.223332	-0.104877
2323323323	-0.220077	-0.087027
2325325325	-0.216291	-0.068480
2327327327	-0.211919	-0.049089
2329329329	-0.205878	-0.029020
2331331331	-0.197892	-0.010235
2333333333	-0.189619	0.008070
2335335335	-0.179813	0.026290
2337337337	-0.168490	0.043211
2339339339	-0.155721	0.058879
2341341341	-0.142706	0.072606
2343343343	-0.129113	0.084944
2345345345	-0.115162	0.096014
2347347347	-0.101122	0.105313
2349349349	-0.087412	0.113172
2351351351	-0.074077	0.119311
2353353353	-0.061991	0.124206
2355355355	-0.050965	0.129358
2357357357	-0.039662	0.134681
2359359359	-0.028403	0.139730
2361361361	-0.016945	0.143842
2363363363	-0.004875	0.148198
2365365365	0.008294	0.150466
2367367367	0.020868	0.150758
2369369369	0.031623	0.149729
2371371371	0.040527	0.148505
2373373373	0.048133	0.149358
2375375375	0.057483	0.151712
2377377377	0.068776	0.153387
2379379379	0.080429	0.153507
2381381381	0.093440	0.151694
2383383383	0.105220	0.150443
2385385385	0.117811	0.148607
2387387387	0.131116	0.144555
2389389389	0.143135	0.138814
2391391391	0.154784	0.132798
2393393393	0.166357	0.125797
2395395395	0.177740	0.116233
2397397397	0.186984	0.104995
2399399399	0.193583	0.093171
2401401401	0.198989	0.082154
2403403403	0.203700	0.071930
2405405405	0.208112	0.061421
2407407407	0.212237	0.050839
2409409409	0.215801	0.039592
2411411411	0.218875	0.027922
2413413413	0.220188	0.014855
2415415415	0.220256	0.002469
2417417417	0.219427	-0.009686
2419419419	0.217942	-0.022372
2421421421	0.214192	-0.034916
2423423423	0.208941	-0.046120
2425425425	0.203317	-0.055391
2427427427	0.197473	-0.063865
2429429429	0.191848	-0.071378
2431431431	0.185886	-0.078046
2433433433	0.181381	-0.084093
2435435435	0.177021	-0.091097
2437437437	0.171599	-0.099046
2439439439	0.164999	-0.105608
2441441441	0.158243	-0.111801
2443443443	0.151089	-0.117043
2445445445	0.143337	-0.121454
2447447447	0.135940	-0.123435
2449449449	0.129944	-0.126766
2451451451	0.123937	-0.130226
2453453453	0.116716	-0.134103
2455455455	0.108769	-0.137293
2457457457	0.100141	-0.139789
2459459459	0.091413	-0.143004
2461461461	0.081691	-0.144905
2463463463	0.071061	-0.146482
2465465465	0.059600	-0.147374
2467467467	0.049111	-0.147114
2469469469	0.037734	-0.146833
2471471471	0.025559	-0.146478
2473473473	0.012102	-0.145756
2475475475	-0.001479	-0.144438
2477477477	-0.015118	-0.140618
2479479479	-0.028818	-0.135372
2481481481	-0.042281	-0.129369
2483483483	-0.056188	-0.121587
2485485485	-0.067892	-0.112490
2487487487	-0.079478	-0.103403
2489489489	-0.091516	-0.093513
2491491491	-0.101819	-0.082322
2493493493	-0.111497	-0.070273
2495495495	-0.119921	-0.057993
2497497497	-0.126639	-0.045423
2499499499	-0.132717	-0.033546
2501501501	-0.138564	-0.021472
2503503503	-0.143287	-0.009790
2505505505	-0.148404	0.001671
2507507507	-0.154312	0.014213
2509509509	-0.159153	0.028208
2511511511	-0.162104	0.042488
2513513513	-0.164096	0.056623
2515515515	-0.165196	0.070702
2517517517	-0.165838	0.084123
2519519519	-0.166492	0.097442
2521521521	-0.166706	0.110359
2523523523	-0.168786	0.124623
2525525525	-0.169140	0.139753
2527527527	-0.168437	0.156146
2529529529	-0.165990	0.173043
2531531531	-0.162659	0.189171
2533533533	-0.158019	0.205143
2535535535	-0.152793	0.222142
2537537537	-0.145693	0.237561
2539539539	-0.138441	0.253302
2541541541	-0.128951	0.269934
2543543543	-0.118353	0.284972
2545545545	-0.105867	0.298534
2547547547	-0.092863	0.311592
2549549549	-0.079882	0.322967
2551551551	-0.065787	0.333607
2553553553	-0.052174	0.341204
2555555555	-0.038907	0.349025
2557557557	-0.027224	0.355857
2559559559	-0.015118	0.364046
2561561561	-0.003293	0.373179
2563563563	0.011113	0.381338
2565565565	0.025796	0.390130
2567567567	0.042715	0.397301
2569569569	0.058488	0.403725
2571571571	0.072738	0.408844
2573573573	0.090454	0.413657
2575575575	0.107443	0.417237
2577577577	0.126840	0.419279
2579579579	0.144193	0.420768
2581581581	0.161336	0.422442
2583583583	0.179801	0.422288
2585585585	0.196128	0.423032
2587587587	0.213049	0.423146
2589589589	0.231427	0.423471
2591591591	0.247666	0.421984
2593593593	0.266613	0.421277
2595595595	0.284605	0.418983
2597597597	0.301893	0.417414
2599599599	0.319786	0.413622
2601601601	0.336398	0.410989
2603603603	0.353315	0.407614
2605605605	0.369299	0.402554
2607607607	0.386573	0.397960
2609609609	0.401764	0.392373
2611611611	0.417309	0.386836
2613613613	0.432272	0.379600
2615615615	0.446696	0.372504
2617617617	0.459760	0.363929
2619619619	0.470209	0.354207
2621621621	0.483335	0.345576
2623623623	0.495406	0.337149
2625625625	0.508014	0.328610
2627627627	0.521372	0.319850
2629629629	0.533240	0.309903
2631631631	0.544854	0.299004
2633633633	0.558023	0.288202
2635635635	0.568826	0.275211
2637637637	0.578630	0.263793
2639639639	0.588370	0.250028
2641641641	0.596873	0.237425
2643643643	0.605654	0.224501
2645645645	0.613096	0.211625
2647647647	0.620981	0.199645
2649649649	0.626724	0.185934
2651651651	0.634041	0.173840
2653653653	0.640760	0.161375
2655655655	0.647298	0.147563
2657657657	0.654410	0.135070
2659659659	0.659741	0.121230
2661661661	0.664094	0.109158
2663663663	0.669798	0.095602
2665665665	0.674505	0.080660
2667667667	0.676418	0.066732
2669669669	0.680781	0.051460
2671671671	0.684247	0.036552
2673673673	0.687954	0.021724
2675675675	0.690188	0.007722
2677677677	0.692784	-0.007877
2679679679	0.696080	-0.023040
2681681681	0.694172	-0.037961
2683683683	0.693799	-0.053145
2685685685	0.692562	-0.066458
2687687687	0.690176	-0.081171
2689689689	0.689019	-0.095718
2691691691	0.687824	-0.110294
2693693693	0.685575	-0.123226
2695695695	0.682334	-0.137831
2697697697	0.679535	-0.153175
2699699699	0.676133	-0.168075
2701701701	0.672377	-0.182064
2703703703	0.667948	-0.199466
2705705705	0.662522	-0.212706
2707707707	0.658475	-0.229884
2709709709	0.650855	-0.246063
2711711711	0.645333	-0.260077
2713713713	0.636500	-0.274736
2715715715	0.626930	-0.289083
2717717717	0.619440	-0.305041
2719719719	0.614239	-0.318773
2721721721	0.603697	-0.333494
2723723723	0.596604	-0.346671
2725725725	0.587662	-0.363740
2727727727	0.581128	-0.376963
2729729729	0.573154	-0.390944
2731731731	0.562898	-0.404256
2733733733	0.554310	-0.422787
2735735735	0.543134	-0.435902
2737737737	0.533403	-0.450413
2739739739	0.523586	-0.463889
2741741741	0.511563	-0.478213
2743743743	0.501189	-0.490530
2745745745	0.490287	-0.505855
2747747747	0.479244	-0.519709
2749749749	0.467267	-0.531726
2751751751	0.455504	-0.545605
2753753753	0.444981	-0.556645
2755755755	0.432130	-0.568028
2757757757	0.418043	-0.580943
2759759759	0.409239	-0.585856
2761761761	0.397843	-0.592930
2763763763	0.386826	-0.602652
2765765765	0.375387	-0.611630
2767767767	0.363867	-0.617398
2769769769	0.349978	-0.621949
2771771771	0.337090	-0.628678
2773773773	0.322008	-0.631045
2775775775	0.308902	-0.635463
2777777777	0.290034	-0.645950
2779779779	0.274107	-0.649379
2781781781	0.259281	-0.649879
2783783783	0.244578	-0.648371
2785785785	0.229274	-0.649966
2787787787	0.212263	-0.647534
2789789789	0.194077	-0.646982
2791791791	0.173619	-0.646306
2793793793	0.152652	-0.643701
2795795795	0.133911	-0.640337
2797797797	0.112687	-0.635228
2799799799	0.092345	-0.632049
2801801801	0.073609	-0.627873
2803803803	0.054403	-0.626195
2805805805	0.032725	-0.622919
2807807807	0.011102	-0.618445
2809809809	-0.009808	-0.613413
2811811811	-0.033085	-0.606837
2813813813	-0.054439	-0.600639
2815815815	-0.077987	-0.594315
2817817817	-0.097571	-0.585407
2819819819	-0.117684	-0.578293
2821821821	-0.138776	-0.570201
2823823823	-0.161979	-0.560575
2825825825	-0.184157	-0.549391
2827827827	-0.207063	-0.538062
2829829829	-0.227058	-0.525906
2831831831	-0.295196	-0.552867
2833833833	-0.313580	-0.536545
2835835835	-0.332682	-0.522378
2837837837	-0.350775	-0.504856
2839839839	-0.372829	-0.487652
2841841841	-0.391183	-0.468660
2843843843	-0.407368	-0.448439
2845845845	-0.423385	-0.428555
2847847847	-0.436727	-0.406263
2849849849	-0.448403	-0.382241
2851851851	-0.459080	-0.361143
2853853853	-0.470378	-0.341605
2855855855	-0.480688	-0.318602
2857857857	-0.490262	-0.295220
2859859859	-0.500925	-0.270896
2861861861	-0.509068	-0.250278
2863863863	-0.517163	-0.224288
2865865865	-0.524364	-0.201240
2867867867	-0.531767	-0.176257
2869869869	-0.538330	-0.150714
2871871871	-0.545260	-0.124693
2873873873	-0.548826	-0.096355
2875875875	-0.553754	-0.067434
2877877877	-0.557501	-0.037030
2879879879	-0.557602	-0.007160
2881881881	-0.558029	0.022840
2883883883	-0.554653	0.054020
2885885885	-0.550438	0.082967
2887887887	-0.545397	0.111979
2889889889	-0.539258	0.141444
2891891891	-0.531944	0.170318
2893893893	-0.520357	0.199700
2895895895	-0.511339	0.224358
2897897897	-0.498109	0.256083
2899899899	-0.487352	0.279432
2901901901	-0.475099	0.305294
2903903903	-0.460061	0.331460
2905905905	-0.443463	0.355122
2907907907	-0.427240	0.378273
2909909909	-0.409783	0.400124
2911911911	-0.392018	0.419181
2913913913	-0.374171	0.438221
2915915915	-0.354872	0.457278
2917917917	-0.335524	0.474509
2919919919	-0.315864	0.490410
2921921921	-0.294805	0.506050
2923923923	-0.274327	0.525278
2925925925	-0.253117	0.540110
2927927927	-0.231224	0.553195
2929929929	-0.208370	0.565566
2931931931	-0.185797	0.575948
2933933933	-0.162236	0.586135
2935935935	-0.138054	0.595172
2937937937	-0.113453	0.603852
2939939939	-0.088057	0.610264
2941941941	-0.062178	0.616936
2943943943	-0.035739	0.621022
2945945945	-0.009316	0.623088
2947947947	0.017705	0.624387
2949949949	0.040897	0.624427
2951951951	0.066087	0.624563
2953953953	0.092347	0.623751
2955955955	0.116813	0.622957
2957957957	0.142007	0.620546
2959959959	0.167942	0.617388
2961961961	0.192232	0.613476
2963963963	0.217179	0.609615
2965965965	0.240117	0.605517
2967967967	0.264350	0.599263
2969969969	0.287336	0.592116
2971971971	0.310562	0.584703
2973973973	0.333718	0.576512
2975975975	0.357042	0.567453
2977977977	0.378164	0.558031
2979979979	0.399829	0.548196
2981981981	0.421234	0.537172
2983983983	0.442055	0.525063
2985985985	0.459166	0.512983
2987987987	0.477695	0.501058
2989989989	0.495367	0.489234
2991991991	0.513310	0.475567
2993993993	0.530689	0.462208
2995995995	0.543601	0.447438
2997997997	0.559741	0.431644
3000000000	0.573648	0.417727